rgb	Autumn
0	255	0	0	255
1	255	255	0	255

rgb	Bone
0	0	0	0	255
0.375	82	82	114	255
0.75	166	198	198	255
1	255	255	255	255

rgb	Cool
0	0	255	255	255
1	255	0	255	255

rgb	Copper
0	0	0	0	255
0.8125	255	162	104	255
1	255	200	128	255

rgb	Gray
0	0	0	0	255
1	255	255	255	255

rgb	Hot
0	10	0	0	255
0.375	255	0	0	255
0.75	255	255	0	255
1	255	255	255	255

hsv	Hsv
0	255	0	0	255
0.40625	0	255	87	255
0.79687	175	0	255	255
1	255	0	24	255

rgb	Jet
0	0	0	142	255
0.125	0	0	255	255
0.375	0	255	255	255
0.625	255	255	0	255
0.875	255	0	0	255
1	128	0	0	255

rgb	Pink
0	30	0	0	255
0.0625	75	45	45	255
0.375	194	126	126	255
0.625	232	232	180	255
1	255	255	255	255

rgb	Spring
0	255	0	255	255
1	255	255	0	255

rgb	Summer
0	0	128	102	255
1	255	255	102	255

